-0.029,1.664,0.066		2.074
12.8,-4.325,8.956		1.505
13.589,0.096,6.679		1.505
16.119,-3.956,-1.533		1.820
13.598,-1.994,-6.719		3.573
12.504,-3.325,-9.769		1.439
11.649,-5.679,-12.698		0.402
9.699,-5.301,-12.581		2.176
6.362,-4.547,-14.689		1.467
3.086,-2.248,-16.328		0.487
-5.279,-0.688,-14.735		0.487
-7.239,-0.688,-14.735		0.487
-9.108,-0.688,-14.735		0.487
-11.739,0.997,-5.304		0.781
-13.145,0.997,-5.304		0.781
-14.231,2.527,-3.336		0.918
-16.637,2.085,1.842		0.865
-14.187,3.422,3.214		0.485
-11.698,0.579,4.771		1.257
-12.695,0.886,4.771		1.231
-12.363,2.991,6.130		0.551
-13.022,2.991,6.130		0.551
-12,2.681,8.997			0.668
-5.977,3.644,13.661		2.009
-7.193,5.604,17.589		2.438
0.233,5.689,20.280		1.307

